image_width: 320
image_height: 240
camera_name: narrow_stereo/right
camera_matrix:
  rows: 3
  cols: 3
  data: [217.08767,   0.     , 154.78927,
           0.     , 218.12178,  91.45576,
           0.     ,   0.     ,   1.     ]
distortion_model: plumb_bob
distortion_coefficients:
  rows: 1
  cols: 5
  data: [0.016499, -0.110365, -0.033160, -0.001763, 0.000000]
rectification_matrix:
  rows: 3
  cols: 3
  data: [ 0.99929131,  0.0040838 , -0.03741933,
         -0.00372   ,  0.99994519,  0.00978681,
          0.03745724, -0.00964067,  0.99925173]
projection_matrix:
  rows: 3
  cols: 4
  data: [230.0279 ,   0.     , 165.88872, -26.47006,
           0.     , 230.0279 ,  87.70333,   0.     ,
           0.     ,   0.     ,   1.     ,   0.     ]
